   1          118.0145414           -7.4976191 -10.0 0
   2          118.9180601           -7.5069552 -10.0 0
   3          119.8226207           -7.5144407 -10.0 0
   4          120.7279936           -7.5200664 -10.0 0
   5          121.1809125           -7.5221795 -10.0 0
   6          121.4074174           -7.5230608 -10.0 0
   7          121.6339478           -7.5238252 -10.0 0
   8          121.8605000           -7.5244727 -10.0 0
   9          122.0870706           -7.5250030 -10.0 0
  10          122.5402518           -7.5257126 -10.0 0
  11          123.4466736           -7.5257261 -10.0 0
  12          124.3529810           -7.5238658 -10.0 0
  13          125.2589419           -7.5201339 -10.0 0
  14          118.0241863           -6.5964625 -10.0 0
  15          118.9259702           -6.6046663 -10.0 0
  16          119.8287861           -6.6112438 -10.0 0
  17          120.7324066           -6.6161871 -10.0 0
  18          121.1844471           -6.6180439 -10.0 0
  19          121.4105124           -6.6188183 -10.0 0
  20          121.6366029           -6.6194900 -10.0 0
  21          121.8627151           -6.6200589 -10.0 0
  22          122.0888453           -6.6205249 -10.0 0
  23          122.5411457           -6.6211484 -10.0 0
  24          123.4458051           -6.6211603 -10.0 0
  25          124.3503513           -6.6195256 -10.0 0
  26          125.2545542           -6.6162464 -10.0 0
  27          118.0325726           -5.6952612 -10.0 0
  28          118.9328479           -5.7023365 -10.0 0
  29          119.8341468           -5.7080092 -10.0 0
  30          120.7362436           -5.7122725 -10.0 0
  31          121.1875203           -5.7138738 -10.0 0
  32          121.4132034           -5.7145417 -10.0 0
  33          121.6389115           -5.7151210 -10.0 0
  34          121.8646410           -5.7156116 -10.0 0
  35          122.0903885           -5.7160136 -10.0 0
  36          122.5419229           -5.7165513 -10.0 0
  37          123.4450500           -5.7165615 -10.0 0
  38          124.3480648           -5.7151517 -10.0 0
  39          125.2507392           -5.7123236 -10.0 0
  40          118.0397105           -4.7940213 -10.0 0
  41          118.9387018           -4.7999714 -10.0 0
  42          119.8387095           -4.8047420 -10.0 0
  43          120.7395094           -4.8083273 -10.0 0
  44          121.1901361           -4.8096740 -10.0 0
  45          121.4154938           -4.8102357 -10.0 0
  46          121.6408763           -4.8107228 -10.0 0
  47          121.8662802           -4.8111354 -10.0 0
  48          122.0917019           -4.8114734 -10.0 0
  49          122.5425844           -4.8119256 -10.0 0
  50          123.4444073           -4.8119342 -10.0 0
  51          124.3461187           -4.8107487 -10.0 0
  52          125.2474921           -4.8083703 -10.0 0
  53          118.0428142           -4.3433887 -10.0 0
  54          118.9412472           -4.3487773 -10.0 0
  55          119.8406935           -4.3530978 -10.0 0
  56          120.7409294           -4.3563447 -10.0 0
  57          121.1912735           -4.3575643 -10.0 0
  58          121.4164897           -4.3580730 -10.0 0
  59          121.6417307           -4.3585142 -10.0 0
  60          121.8669929           -4.3588879 -10.0 0
  61          122.0922729           -4.3591940 -10.0 0
  62          122.5428720           -4.3596035 -10.0 0
  63          123.4441279           -4.3596113 -10.0 0
  64          124.3452725           -4.3585376 -10.0 0
  65          125.2460803           -4.3563837 -10.0 0
  66          118.0442501           -4.1180696 -10.0 0
  67          118.9424248           -4.1231777 -10.0 0
  68          119.8416113           -4.1272733 -10.0 0
  69          120.7415864           -4.1303512 -10.0 0
  70          121.1917997           -4.1315074 -10.0 0
  71          121.4169504           -4.1319895 -10.0 0
  72          121.6421260           -4.1324078 -10.0 0
  73          121.8673227           -4.1327620 -10.0 0
  74          122.0925372           -4.1330522 -10.0 0
  75          122.5430051           -4.1334404 -10.0 0
  76          123.4439986           -4.1334478 -10.0 0
  77          124.3448810           -4.1324299 -10.0 0
  78          125.2454270           -4.1303882 -10.0 0
  79          118.0456089           -3.8927488 -10.0 0
  80          118.9435392           -3.8975765 -10.0 0
  81          119.8424799           -3.9014473 -10.0 0
  82          120.7422081           -3.9043563 -10.0 0
  83          121.1922976           -3.9054490 -10.0 0
  84          121.4173865           -3.9059047 -10.0 0
  85          121.6425000           -3.9063000 -10.0 0
  86          121.8676347           -3.9066348 -10.0 0
  87          122.0927872           -3.9069090 -10.0 0
  88          122.5431310           -3.9072759 -10.0 0
  89          123.4438763           -3.9072829 -10.0 0
  90          124.3445105           -3.9063210 -10.0 0
  91          125.2448089           -3.9043912 -10.0 0
  92          118.0468908           -3.6674263 -10.0 0
  93          118.9445905           -3.6719738 -10.0 0
  94          119.8432993           -3.6756200 -10.0 0
  95          120.7427946           -3.6783601 -10.0 0
  96          121.1927673           -3.6793894 -10.0 0
  97          121.4177978           -3.6798187 -10.0 0
  98          121.6428528           -3.6801910 -10.0 0
  99          121.8679291           -3.6805063 -10.0 0
 100          122.0930230           -3.6807647 -10.0 0
 101          122.5432498           -3.6811103 -10.0 0
 102          123.4437608           -3.6811169 -10.0 0
 103          124.3441611           -3.6802107 -10.0 0
 104          125.2442258           -3.6783930 -10.0 0
 105          118.0480957           -3.4421022 -10.0 0
 106          118.9455786           -3.4463697 -10.0 0
 107          119.8440694           -3.4497913 -10.0 0
 108          120.7433458           -3.4523627 -10.0 0
 109          121.1932089           -3.4533286 -10.0 0
 110          121.4181844           -3.4537314 -10.0 0
 111          121.6431845           -3.4540808 -10.0 0
 112          121.8682058           -3.4543767 -10.0 0
 113          122.0932447           -3.4546191 -10.0 0
 114          122.5433615           -3.4549435 -10.0 0
 115          123.4436524           -3.4549496 -10.0 0
 116          124.3438326           -3.4540993 -10.0 0
 117          125.2436777           -3.4523935 -10.0 0
 118          118.0502751           -2.9914498 -10.0 0
 119          118.9473660           -2.9951576 -10.0 0
 120          119.8454626           -2.9981303 -10.0 0
 121          120.7443430           -3.0003644 -10.0 0
 122          121.1940075           -3.0012036 -10.0 0
 123          121.4188837           -3.0015536 -10.0 0
 124          121.6437844           -3.0018572 -10.0 0
 125          121.8687063           -3.0021143 -10.0 0
 126          122.0936457           -3.0023249 -10.0 0
 127          122.5435635           -3.0026067 -10.0 0
 128          123.4434561           -3.0026120 -10.0 0
 129          124.3432384           -3.0018733 -10.0 0
 130          125.2426863           -3.0003912 -10.0 0
 131          118.0537148           -2.0901305 -10.0 0
 132          118.9501869           -2.0927200 -10.0 0
 133          119.8476612           -2.0947961 -10.0 0
 134          120.7459167           -2.0963564 -10.0 0
 135          121.1952680           -2.0969425 -10.0 0
 136          121.4199874           -2.0971869 -10.0 0
 137          121.6447313           -2.0973989 -10.0 0
 138          121.8694962           -2.0975785 -10.0 0
 139          122.0942786           -2.0977256 -10.0 0
 140          122.5438822           -2.0979224 -10.0 0
 141          123.4431464           -2.0979261 -10.0 0
 142          124.3423006           -2.0974101 -10.0 0
 143          125.2411216           -2.0963751 -10.0 0
 144          118.0559322           -1.1887971 -10.0 0
 145          118.9520054           -1.1902694 -10.0 0
 146          119.8490786           -1.1914499 -10.0 0
 147          120.7469312           -1.1923371 -10.0 0
 148          121.1960805           -1.1926703 -10.0 0
 149          121.4206988           -1.1928093 -10.0 0
 150          121.6453416           -1.1929299 -10.0 0
 151          121.8700054           -1.1930320 -10.0 0
 152          122.0946866           -1.1931156 -10.0 0
 153          122.5440877           -1.1932275 -10.0 0
 154          123.4429468           -1.1932296 -10.0 0
 155          124.3416961           -1.1929363 -10.0 0
 156          125.2401130           -1.1923478 -10.0 0
 157          118.0569300           -0.2874555 -10.0 0
 158          118.9528237           -0.2878115 -10.0 0
 159          119.8497163           -0.2880969 -10.0 0
 160          120.7473876           -0.2883114 -10.0 0
 161          121.1964462           -0.2883920 -10.0 0
 162          121.4210190           -0.2884256 -10.0 0
 163          121.6456163           -0.2884547 -10.0 0
 164          121.8702345           -0.2884794 -10.0 0
 165          122.0948702           -0.2884996 -10.0 0
 166          122.5441802           -0.2885267 -10.0 0
 167          123.4428570           -0.2885272 -10.0 0
 168          124.3414241           -0.2884563 -10.0 0
 169          125.2396591           -0.2883140 -10.0 0
 170          118.0145414           -7.4976191   0.0 0
 171          118.9180601           -7.5069552   0.0 0
 172          119.8226207           -7.5144407   0.0 0
 173          120.7279936           -7.5200664   0.0 0
 174          121.1809125           -7.5221795   0.0 0
 175          121.4074174           -7.5230608   0.0 0
 176          121.6339478           -7.5238252   0.0 0
 177          121.8605000           -7.5244727   0.0 0
 178          122.0870706           -7.5250030   0.0 0
 179          122.5402518           -7.5257126   0.0 0
 180          123.4466736           -7.5257261   0.0 0
 181          124.3529810           -7.5238658   0.0 0
 182          125.2589419           -7.5201339   0.0 0
 183          118.0241863           -6.5964625   0.0 0
 184          118.9259702           -6.6046663   0.0 0
 185          119.8287861           -6.6112438   0.0 0
 186          120.7324066           -6.6161871   0.0 0
 187          121.1844471           -6.6180439   0.0 0
 188          121.4105124           -6.6188183   0.0 0
 189          121.6366029           -6.6194900   0.0 0
 190          121.8627151           -6.6200589   0.0 0
 191          122.0888453           -6.6205249   0.0 0
 192          122.5411457           -6.6211484   0.0 0
 193          123.4458051           -6.6211603   0.0 0
 194          124.3503513           -6.6195256   0.0 0
 195          125.2545542           -6.6162464   0.0 0
 196          118.0325726           -5.6952612   0.0 0
 197          118.9328479           -5.7023365   0.0 0
 198          119.8341468           -5.7080092   0.0 0
 199          120.7362436           -5.7122725   0.0 0
 200          121.1875203           -5.7138738   0.0 0
 201          121.4132034           -5.7145417   0.0 0
 202          121.6389115           -5.7151210   0.0 0
 203          121.8646410           -5.7156116   0.0 0
 204          122.0903885           -5.7160136   0.0 0
 205          122.5419229           -5.7165513   0.0 0
 206          123.4450500           -5.7165615   0.0 0
 207          124.3480648           -5.7151517   0.0 0
 208          125.2507392           -5.7123236   0.0 0
 209          118.0397105           -4.7940213   0.0 0
 210          118.9387018           -4.7999714   0.0 0
 211          119.8387095           -4.8047420   0.0 0
 212          120.7395094           -4.8083273   0.0 0
 213          121.1901361           -4.8096740   0.0 0
 214          121.4154938           -4.8102357   0.0 0
 215          121.6408763           -4.8107228   0.0 0
 216          121.8662802           -4.8111354   0.0 0
 217          122.0917019           -4.8114734   0.0 0
 218          122.5425844           -4.8119256   0.0 0
 219          123.4444073           -4.8119342   0.0 0
 220          124.3461187           -4.8107487   0.0 0
 221          125.2474921           -4.8083703   0.0 0
 222          118.0428142           -4.3433887   0.0 0
 223          118.9412472           -4.3487773   0.0 0
 224          119.8406935           -4.3530978   0.0 0
 225          120.7409294           -4.3563447   0.0 0
 226          121.1912735           -4.3575643   0.0 0
 227          121.4164897           -4.3580730   0.0 0
 228          121.6417307           -4.3585142   0.0 0
 229          121.8669929           -4.3588879   0.0 0
 230          122.0922729           -4.3591940   0.0 0
 231          122.5428720           -4.3596035   0.0 0
 232          123.4441279           -4.3596113   0.0 0
 233          124.3452725           -4.3585376   0.0 0
 234          125.2460803           -4.3563837   0.0 0
 235          118.0442501           -4.1180696   0.0 0
 236          118.9424248           -4.1231777   0.0 0
 237          119.8416113           -4.1272733   0.0 0
 238          120.7415864           -4.1303512   0.0 0
 239          121.1917997           -4.1315074   0.0 0
 240          121.4169504           -4.1319895   0.0 0
 241          121.6421260           -4.1324078   0.0 0
 242          121.8673227           -4.1327620   0.0 0
 243          122.0925372           -4.1330522   0.0 0
 244          122.5430051           -4.1334404   0.0 0
 245          123.4439986           -4.1334478   0.0 0
 246          124.3448810           -4.1324299   0.0 0
 247          125.2454270           -4.1303882   0.0 0
 248          118.0456089           -3.8927488   0.0 0
 249          118.9435392           -3.8975765   0.0 0
 250          119.8424799           -3.9014473   0.0 0
 251          120.7422081           -3.9043563   0.0 0
 252          121.1922976           -3.9054490   0.0 0
 253          121.4173865           -3.9059047   0.0 0
 254          121.6425000           -3.9063000   0.0 0
 255          121.8676347           -3.9066348   0.0 0
 256          122.0927872           -3.9069090   0.0 0
 257          122.5431310           -3.9072759   0.0 0
 258          123.4438763           -3.9072829   0.0 0
 259          124.3445105           -3.9063210   0.0 0
 260          125.2448089           -3.9043912   0.0 0
 261          118.0468908           -3.6674263   0.0 0
 262          118.9445905           -3.6719738   0.0 0
 263          119.8432993           -3.6756200   0.0 0
 264          120.7427946           -3.6783601   0.0 0
 265          121.1927673           -3.6793894   0.0 0
 266          121.4177978           -3.6798187   0.0 0
 267          121.6428528           -3.6801910   0.0 0
 268          121.8679291           -3.6805063   0.0 0
 269          122.0930230           -3.6807647   0.0 0
 270          122.5432498           -3.6811103   0.0 0
 271          123.4437608           -3.6811169   0.0 0
 272          124.3441611           -3.6802107   0.0 0
 273          125.2442258           -3.6783930   0.0 0
 274          118.0480957           -3.4421022   0.0 0
 275          118.9455786           -3.4463697   0.0 0
 276          119.8440694           -3.4497913   0.0 0
 277          120.7433458           -3.4523627   0.0 0
 278          121.1932089           -3.4533286   0.0 0
 279          121.4181844           -3.4537314   0.0 0
 280          121.6431845           -3.4540808   0.0 0
 281          121.8682058           -3.4543767   0.0 0
 282          122.0932447           -3.4546191   0.0 0
 283          122.5433615           -3.4549435   0.0 0
 284          123.4436524           -3.4549496   0.0 0
 285          124.3438326           -3.4540993   0.0 0
 286          125.2436777           -3.4523935   0.0 0
 287          118.0502751           -2.9914498   0.0 0
 288          118.9473660           -2.9951576   0.0 0
 289          119.8454626           -2.9981303   0.0 0
 290          120.7443430           -3.0003644   0.0 0
 291          121.1940075           -3.0012036   0.0 0
 292          121.4188837           -3.0015536   0.0 0
 293          121.6437844           -3.0018572   0.0 0
 294          121.8687063           -3.0021143   0.0 0
 295          122.0936457           -3.0023249   0.0 0
 296          122.5435635           -3.0026067   0.0 0
 297          123.4434561           -3.0026120   0.0 0
 298          124.3432384           -3.0018733   0.0 0
 299          125.2426863           -3.0003912   0.0 0
 300          118.0537148           -2.0901305   0.0 0
 301          118.9501869           -2.0927200   0.0 0
 302          119.8476612           -2.0947961   0.0 0
 303          120.7459167           -2.0963564   0.0 0
 304          121.1952680           -2.0969425   0.0 0
 305          121.4199874           -2.0971869   0.0 0
 306          121.6447313           -2.0973989   0.0 0
 307          121.8694962           -2.0975785   0.0 0
 308          122.0942786           -2.0977256   0.0 0
 309          122.5438822           -2.0979224   0.0 0
 310          123.4431464           -2.0979261   0.0 0
 311          124.3423006           -2.0974101   0.0 0
 312          125.2411216           -2.0963751   0.0 0
 313          118.0559322           -1.1887971   0.0 0
 314          118.9520054           -1.1902694   0.0 0
 315          119.8490786           -1.1914499   0.0 0
 316          120.7469312           -1.1923371   0.0 0
 317          121.1960805           -1.1926703   0.0 0
 318          121.4206988           -1.1928093   0.0 0
 319          121.6453416           -1.1929299   0.0 0
 320          121.8700054           -1.1930320   0.0 0
 321          122.0946866           -1.1931156   0.0 0
 322          122.5440877           -1.1932275   0.0 0
 323          123.4429468           -1.1932296   0.0 0
 324          124.3416961           -1.1929363   0.0 0
 325          125.2401130           -1.1923478   0.0 0
 326          118.0569300           -0.2874555   0.0 0
 327          118.9528237           -0.2878115   0.0 0
 328          119.8497163           -0.2880969   0.0 0
 329          120.7473876           -0.2883114   0.0 0
 330          121.1964462           -0.2883920   0.0 0
 331          121.4210190           -0.2884256   0.0 0
 332          121.6456163           -0.2884547   0.0 0
 333          121.8702345           -0.2884794   0.0 0
 334          122.0948702           -0.2884996   0.0 0
 335          122.5441802           -0.2885267   0.0 0
 336          123.4428570           -0.2885272   0.0 0
 337          124.3414241           -0.2884563   0.0 0
 338          125.2396591           -0.2883140   0.0 0
 339          118.0145414           -7.4976191  10.0 0
 340          118.9180601           -7.5069552  10.0 0
 341          119.8226207           -7.5144407  10.0 0
 342          120.7279936           -7.5200664  10.0 0
 343          121.1809125           -7.5221795  10.0 0
 344          121.4074174           -7.5230608  10.0 0
 345          121.6339478           -7.5238252  10.0 0
 346          121.8605000           -7.5244727  10.0 0
 347          122.0870706           -7.5250030  10.0 0
 348          122.5402518           -7.5257126  10.0 0
 349          123.4466736           -7.5257261  10.0 0
 350          124.3529810           -7.5238658  10.0 0
 351          125.2589419           -7.5201339  10.0 0
 352          118.0241863           -6.5964625  10.0 0
 353          118.9259702           -6.6046663  10.0 0
 354          119.8287861           -6.6112438  10.0 0
 355          120.7324066           -6.6161871  10.0 0
 356          121.1844471           -6.6180439  10.0 0
 357          121.4105124           -6.6188183  10.0 0
 358          121.6366029           -6.6194900  10.0 0
 359          121.8627151           -6.6200589  10.0 0
 360          122.0888453           -6.6205249  10.0 0
 361          122.5411457           -6.6211484  10.0 0
 362          123.4458051           -6.6211603  10.0 0
 363          124.3503513           -6.6195256  10.0 0
 364          125.2545542           -6.6162464  10.0 0
 365          118.0325726           -5.6952612  10.0 0
 366          118.9328479           -5.7023365  10.0 0
 367          119.8341468           -5.7080092  10.0 0
 368          120.7362436           -5.7122725  10.0 0
 369          121.1875203           -5.7138738  10.0 0
 370          121.4132034           -5.7145417  10.0 0
 371          121.6389115           -5.7151210  10.0 0
 372          121.8646410           -5.7156116  10.0 0
 373          122.0903885           -5.7160136  10.0 0
 374          122.5419229           -5.7165513  10.0 0
 375          123.4450500           -5.7165615  10.0 0
 376          124.3480648           -5.7151517  10.0 0
 377          125.2507392           -5.7123236  10.0 0
 378          118.0397105           -4.7940213  10.0 0
 379          118.9387018           -4.7999714  10.0 0
 380          119.8387095           -4.8047420  10.0 0
 381          120.7395094           -4.8083273  10.0 0
 382          121.1901361           -4.8096740  10.0 0
 383          121.4154938           -4.8102357  10.0 0
 384          121.6408763           -4.8107228  10.0 0
 385          121.8662802           -4.8111354  10.0 0
 386          122.0917019           -4.8114734  10.0 0
 387          122.5425844           -4.8119256  10.0 0
 388          123.4444073           -4.8119342  10.0 0
 389          124.3461187           -4.8107487  10.0 0
 390          125.2474921           -4.8083703  10.0 0
 391          118.0428142           -4.3433887  10.0 0
 392          118.9412472           -4.3487773  10.0 0
 393          119.8406935           -4.3530978  10.0 0
 394          120.7409294           -4.3563447  10.0 0
 395          121.1912735           -4.3575643  10.0 0
 396          121.4164897           -4.3580730  10.0 0
 397          121.6417307           -4.3585142  10.0 0
 398          121.8669929           -4.3588879  10.0 0
 399          122.0922729           -4.3591940  10.0 0
 400          122.5428720           -4.3596035  10.0 0
 401          123.4441279           -4.3596113  10.0 0
 402          124.3452725           -4.3585376  10.0 0
 403          125.2460803           -4.3563837  10.0 0
 404          118.0442501           -4.1180696  10.0 0
 405          118.9424248           -4.1231777  10.0 0
 406          119.8416113           -4.1272733  10.0 0
 407          120.7415864           -4.1303512  10.0 0
 408          121.1917997           -4.1315074  10.0 0
 409          121.4169504           -4.1319895  10.0 0
 410          121.6421260           -4.1324078  10.0 0
 411          121.8673227           -4.1327620  10.0 0
 412          122.0925372           -4.1330522  10.0 0
 413          122.5430051           -4.1334404  10.0 0
 414          123.4439986           -4.1334478  10.0 0
 415          124.3448810           -4.1324299  10.0 0
 416          125.2454270           -4.1303882  10.0 0
 417          118.0456089           -3.8927488  10.0 0
 418          118.9435392           -3.8975765  10.0 0
 419          119.8424799           -3.9014473  10.0 0
 420          120.7422081           -3.9043563  10.0 0
 421          121.1922976           -3.9054490  10.0 0
 422          121.4173865           -3.9059047  10.0 0
 423          121.6425000           -3.9063000  10.0 0
 424          121.8676347           -3.9066348  10.0 0
 425          122.0927872           -3.9069090  10.0 0
 426          122.5431310           -3.9072759  10.0 0
 427          123.4438763           -3.9072829  10.0 0
 428          124.3445105           -3.9063210  10.0 0
 429          125.2448089           -3.9043912  10.0 0
 430          118.0468908           -3.6674263  10.0 0
 431          118.9445905           -3.6719738  10.0 0
 432          119.8432993           -3.6756200  10.0 0
 433          120.7427946           -3.6783601  10.0 0
 434          121.1927673           -3.6793894  10.0 0
 435          121.4177978           -3.6798187  10.0 0
 436          121.6428528           -3.6801910  10.0 0
 437          121.8679291           -3.6805063  10.0 0
 438          122.0930230           -3.6807647  10.0 0
 439          122.5432498           -3.6811103  10.0 0
 440          123.4437608           -3.6811169  10.0 0
 441          124.3441611           -3.6802107  10.0 0
 442          125.2442258           -3.6783930  10.0 0
 443          118.0480957           -3.4421022  10.0 0
 444          118.9455786           -3.4463697  10.0 0
 445          119.8440694           -3.4497913  10.0 0
 446          120.7433458           -3.4523627  10.0 0
 447          121.1932089           -3.4533286  10.0 0
 448          121.4181844           -3.4537314  10.0 0
 449          121.6431845           -3.4540808  10.0 0
 450          121.8682058           -3.4543767  10.0 0
 451          122.0932447           -3.4546191  10.0 0
 452          122.5433615           -3.4549435  10.0 0
 453          123.4436524           -3.4549496  10.0 0
 454          124.3438326           -3.4540993  10.0 0
 455          125.2436777           -3.4523935  10.0 0
 456          118.0502751           -2.9914498  10.0 0
 457          118.9473660           -2.9951576  10.0 0
 458          119.8454626           -2.9981303  10.0 0
 459          120.7443430           -3.0003644  10.0 0
 460          121.1940075           -3.0012036  10.0 0
 461          121.4188837           -3.0015536  10.0 0
 462          121.6437844           -3.0018572  10.0 0
 463          121.8687063           -3.0021143  10.0 0
 464          122.0936457           -3.0023249  10.0 0
 465          122.5435635           -3.0026067  10.0 0
 466          123.4434561           -3.0026120  10.0 0
 467          124.3432384           -3.0018733  10.0 0
 468          125.2426863           -3.0003912  10.0 0
 469          118.0537148           -2.0901305  10.0 0
 470          118.9501869           -2.0927200  10.0 0
 471          119.8476612           -2.0947961  10.0 0
 472          120.7459167           -2.0963564  10.0 0
 473          121.1952680           -2.0969425  10.0 0
 474          121.4199874           -2.0971869  10.0 0
 475          121.6447313           -2.0973989  10.0 0
 476          121.8694962           -2.0975785  10.0 0
 477          122.0942786           -2.0977256  10.0 0
 478          122.5438822           -2.0979224  10.0 0
 479          123.4431464           -2.0979261  10.0 0
 480          124.3423006           -2.0974101  10.0 0
 481          125.2411216           -2.0963751  10.0 0
 482          118.0559322           -1.1887971  10.0 0
 483          118.9520054           -1.1902694  10.0 0
 484          119.8490786           -1.1914499  10.0 0
 485          120.7469312           -1.1923371  10.0 0
 486          121.1960805           -1.1926703  10.0 0
 487          121.4206988           -1.1928093  10.0 0
 488          121.6453416           -1.1929299  10.0 0
 489          121.8700054           -1.1930320  10.0 0
 490          122.0946866           -1.1931156  10.0 0
 491          122.5440877           -1.1932275  10.0 0
 492          123.4429468           -1.1932296  10.0 0
 493          124.3416961           -1.1929363  10.0 0
 494          125.2401130           -1.1923478  10.0 0
 495          118.0569300           -0.2874555  10.0 0
 496          118.9528237           -0.2878115  10.0 0
 497          119.8497163           -0.2880969  10.0 0
 498          120.7473876           -0.2883114  10.0 0
 499          121.1964462           -0.2883920  10.0 0
 500          121.4210190           -0.2884256  10.0 0
 501          121.6456163           -0.2884547  10.0 0
 502          121.8702345           -0.2884794  10.0 0
 503          122.0948702           -0.2884996  10.0 0
 504          122.5441802           -0.2885267  10.0 0
 505          123.4428570           -0.2885272  10.0 0
 506          124.3414241           -0.2884563  10.0 0
 507          125.2396591           -0.2883140  10.0 0
 508          118.0145414           -7.4976191  20.0 0
 509          118.9180601           -7.5069552  20.0 0
 510          119.8226207           -7.5144407  20.0 0
 511          120.7279936           -7.5200664  20.0 0
 512          121.1809125           -7.5221795  20.0 0
 513          121.4074174           -7.5230608  20.0 0
 514          121.6339478           -7.5238252  20.0 0
 515          121.8605000           -7.5244727  20.0 0
 516          122.0870706           -7.5250030  20.0 0
 517          122.5402518           -7.5257126  20.0 0
 518          123.4466736           -7.5257261  20.0 0
 519          124.3529810           -7.5238658  20.0 0
 520          125.2589419           -7.5201339  20.0 0
 521          118.0241863           -6.5964625  20.0 0
 522          118.9259702           -6.6046663  20.0 0
 523          119.8287861           -6.6112438  20.0 0
 524          120.7324066           -6.6161871  20.0 0
 525          121.1844471           -6.6180439  20.0 0
 526          121.4105124           -6.6188183  20.0 0
 527          121.6366029           -6.6194900  20.0 0
 528          121.8627151           -6.6200589  20.0 0
 529          122.0888453           -6.6205249  20.0 0
 530          122.5411457           -6.6211484  20.0 0
 531          123.4458051           -6.6211603  20.0 0
 532          124.3503513           -6.6195256  20.0 0
 533          125.2545542           -6.6162464  20.0 0
 534          118.0325726           -5.6952612  20.0 0
 535          118.9328479           -5.7023365  20.0 0
 536          119.8341468           -5.7080092  20.0 0
 537          120.7362436           -5.7122725  20.0 0
 538          121.1875203           -5.7138738  20.0 0
 539          121.4132034           -5.7145417  20.0 0
 540          121.6389115           -5.7151210  20.0 0
 541          121.8646410           -5.7156116  20.0 0
 542          122.0903885           -5.7160136  20.0 0
 543          122.5419229           -5.7165513  20.0 0
 544          123.4450500           -5.7165615  20.0 0
 545          124.3480648           -5.7151517  20.0 0
 546          125.2507392           -5.7123236  20.0 0
 547          118.0397105           -4.7940213  20.0 0
 548          118.9387018           -4.7999714  20.0 0
 549          119.8387095           -4.8047420  20.0 0
 550          120.7395094           -4.8083273  20.0 0
 551          121.1901361           -4.8096740  20.0 0
 552          121.4154938           -4.8102357  20.0 0
 553          121.6408763           -4.8107228  20.0 0
 554          121.8662802           -4.8111354  20.0 0
 555          122.0917019           -4.8114734  20.0 0
 556          122.5425844           -4.8119256  20.0 0
 557          123.4444073           -4.8119342  20.0 0
 558          124.3461187           -4.8107487  20.0 0
 559          125.2474921           -4.8083703  20.0 0
 560          118.0428142           -4.3433887  20.0 0
 561          118.9412472           -4.3487773  20.0 0
 562          119.8406935           -4.3530978  20.0 0
 563          120.7409294           -4.3563447  20.0 0
 564          121.1912735           -4.3575643  20.0 0
 565          121.4164897           -4.3580730  20.0 0
 566          121.6417307           -4.3585142  20.0 0
 567          121.8669929           -4.3588879  20.0 0
 568          122.0922729           -4.3591940  20.0 0
 569          122.5428720           -4.3596035  20.0 0
 570          123.4441279           -4.3596113  20.0 0
 571          124.3452725           -4.3585376  20.0 0
 572          125.2460803           -4.3563837  20.0 0
 573          118.0442501           -4.1180696  20.0 0
 574          118.9424248           -4.1231777  20.0 0
 575          119.8416113           -4.1272733  20.0 0
 576          120.7415864           -4.1303512  20.0 0
 577          121.1917997           -4.1315074  20.0 0
 578          121.4169504           -4.1319895  20.0 0
 579          121.6421260           -4.1324078  20.0 0
 580          121.8673227           -4.1327620  20.0 0
 581          122.0925372           -4.1330522  20.0 0
 582          122.5430051           -4.1334404  20.0 0
 583          123.4439986           -4.1334478  20.0 0
 584          124.3448810           -4.1324299  20.0 0
 585          125.2454270           -4.1303882  20.0 0
 586          118.0456089           -3.8927488  20.0 0
 587          118.9435392           -3.8975765  20.0 0
 588          119.8424799           -3.9014473  20.0 0
 589          120.7422081           -3.9043563  20.0 0
 590          121.1922976           -3.9054490  20.0 0
 591          121.4173865           -3.9059047  20.0 0
 592          121.6425000           -3.9063000  20.0 0
 593          121.8676347           -3.9066348  20.0 0
 594          122.0927872           -3.9069090  20.0 0
 595          122.5431310           -3.9072759  20.0 0
 596          123.4438763           -3.9072829  20.0 0
 597          124.3445105           -3.9063210  20.0 0
 598          125.2448089           -3.9043912  20.0 0
 599          118.0468908           -3.6674263  20.0 0
 600          118.9445905           -3.6719738  20.0 0
 601          119.8432993           -3.6756200  20.0 0
 602          120.7427946           -3.6783601  20.0 0
 603          121.1927673           -3.6793894  20.0 0
 604          121.4177978           -3.6798187  20.0 0
 605          121.6428528           -3.6801910  20.0 0
 606          121.8679291           -3.6805063  20.0 0
 607          122.0930230           -3.6807647  20.0 0
 608          122.5432498           -3.6811103  20.0 0
 609          123.4437608           -3.6811169  20.0 0
 610          124.3441611           -3.6802107  20.0 0
 611          125.2442258           -3.6783930  20.0 0
 612          118.0480957           -3.4421022  20.0 0
 613          118.9455786           -3.4463697  20.0 0
 614          119.8440694           -3.4497913  20.0 0
 615          120.7433458           -3.4523627  20.0 0
 616          121.1932089           -3.4533286  20.0 0
 617          121.4181844           -3.4537314  20.0 0
 618          121.6431845           -3.4540808  20.0 0
 619          121.8682058           -3.4543767  20.0 0
 620          122.0932447           -3.4546191  20.0 0
 621          122.5433615           -3.4549435  20.0 0
 622          123.4436524           -3.4549496  20.0 0
 623          124.3438326           -3.4540993  20.0 0
 624          125.2436777           -3.4523935  20.0 0
 625          118.0502751           -2.9914498  20.0 0
 626          118.9473660           -2.9951576  20.0 0
 627          119.8454626           -2.9981303  20.0 0
 628          120.7443430           -3.0003644  20.0 0
 629          121.1940075           -3.0012036  20.0 0
 630          121.4188837           -3.0015536  20.0 0
 631          121.6437844           -3.0018572  20.0 0
 632          121.8687063           -3.0021143  20.0 0
 633          122.0936457           -3.0023249  20.0 0
 634          122.5435635           -3.0026067  20.0 0
 635          123.4434561           -3.0026120  20.0 0
 636          124.3432384           -3.0018733  20.0 0
 637          125.2426863           -3.0003912  20.0 0
 638          118.0537148           -2.0901305  20.0 0
 639          118.9501869           -2.0927200  20.0 0
 640          119.8476612           -2.0947961  20.0 0
 641          120.7459167           -2.0963564  20.0 0
 642          121.1952680           -2.0969425  20.0 0
 643          121.4199874           -2.0971869  20.0 0
 644          121.6447313           -2.0973989  20.0 0
 645          121.8694962           -2.0975785  20.0 0
 646          122.0942786           -2.0977256  20.0 0
 647          122.5438822           -2.0979224  20.0 0
 648          123.4431464           -2.0979261  20.0 0
 649          124.3423006           -2.0974101  20.0 0
 650          125.2411216           -2.0963751  20.0 0
 651          118.0559322           -1.1887971  20.0 0
 652          118.9520054           -1.1902694  20.0 0
 653          119.8490786           -1.1914499  20.0 0
 654          120.7469312           -1.1923371  20.0 0
 655          121.1960805           -1.1926703  20.0 0
 656          121.4206988           -1.1928093  20.0 0
 657          121.6453416           -1.1929299  20.0 0
 658          121.8700054           -1.1930320  20.0 0
 659          122.0946866           -1.1931156  20.0 0
 660          122.5440877           -1.1932275  20.0 0
 661          123.4429468           -1.1932296  20.0 0
 662          124.3416961           -1.1929363  20.0 0
 663          125.2401130           -1.1923478  20.0 0
 664          118.0569300           -0.2874555  20.0 0
 665          118.9528237           -0.2878115  20.0 0
 666          119.8497163           -0.2880969  20.0 0
 667          120.7473876           -0.2883114  20.0 0
 668          121.1964462           -0.2883920  20.0 0
 669          121.4210190           -0.2884256  20.0 0
 670          121.6456163           -0.2884547  20.0 0
 671          121.8702345           -0.2884794  20.0 0
 672          122.0948702           -0.2884996  20.0 0
 673          122.5441802           -0.2885267  20.0 0
 674          123.4428570           -0.2885272  20.0 0
 675          124.3414241           -0.2884563  20.0 0
 676          125.2396591           -0.2883140  20.0 0
 677          118.0145414           -7.4976191  30.0 0
 678          118.9180601           -7.5069552  30.0 0
 679          119.8226207           -7.5144407  30.0 0
 680          120.7279936           -7.5200664  30.0 0
 681          121.1809125           -7.5221795  30.0 0
 682          121.4074174           -7.5230608  30.0 0
 683          121.6339478           -7.5238252  30.0 0
 684          121.8605000           -7.5244727  30.0 0
 685          122.0870706           -7.5250030  30.0 0
 686          122.5402518           -7.5257126  30.0 0
 687          123.4466736           -7.5257261  30.0 0
 688          124.3529810           -7.5238658  30.0 0
 689          125.2589419           -7.5201339  30.0 0
 690          118.0241863           -6.5964625  30.0 0
 691          118.9259702           -6.6046663  30.0 0
 692          119.8287861           -6.6112438  30.0 0
 693          120.7324066           -6.6161871  30.0 0
 694          121.1844471           -6.6180439  30.0 0
 695          121.4105124           -6.6188183  30.0 0
 696          121.6366029           -6.6194900  30.0 0
 697          121.8627151           -6.6200589  30.0 0
 698          122.0888453           -6.6205249  30.0 0
 699          122.5411457           -6.6211484  30.0 0
 700          123.4458051           -6.6211603  30.0 0
 701          124.3503513           -6.6195256  30.0 0
 702          125.2545542           -6.6162464  30.0 0
 703          118.0325726           -5.6952612  30.0 0
 704          118.9328479           -5.7023365  30.0 0
 705          119.8341468           -5.7080092  30.0 0
 706          120.7362436           -5.7122725  30.0 0
 707          121.1875203           -5.7138738  30.0 0
 708          121.4132034           -5.7145417  30.0 0
 709          121.6389115           -5.7151210  30.0 0
 710          121.8646410           -5.7156116  30.0 0
 711          122.0903885           -5.7160136  30.0 0
 712          122.5419229           -5.7165513  30.0 0
 713          123.4450500           -5.7165615  30.0 0
 714          124.3480648           -5.7151517  30.0 0
 715          125.2507392           -5.7123236  30.0 0
 716          118.0397105           -4.7940213  30.0 0
 717          118.9387018           -4.7999714  30.0 0
 718          119.8387095           -4.8047420  30.0 0
 719          120.7395094           -4.8083273  30.0 0
 720          121.1901361           -4.8096740  30.0 0
 721          121.4154938           -4.8102357  30.0 0
 722          121.6408763           -4.8107228  30.0 0
 723          121.8662802           -4.8111354  30.0 0
 724          122.0917019           -4.8114734  30.0 0
 725          122.5425844           -4.8119256  30.0 0
 726          123.4444073           -4.8119342  30.0 0
 727          124.3461187           -4.8107487  30.0 0
 728          125.2474921           -4.8083703  30.0 0
 729          118.0428142           -4.3433887  30.0 0
 730          118.9412472           -4.3487773  30.0 0
 731          119.8406935           -4.3530978  30.0 0
 732          120.7409294           -4.3563447  30.0 0
 733          121.1912735           -4.3575643  30.0 0
 734          121.4164897           -4.3580730  30.0 0
 735          121.6417307           -4.3585142  30.0 0
 736          121.8669929           -4.3588879  30.0 0
 737          122.0922729           -4.3591940  30.0 0
 738          122.5428720           -4.3596035  30.0 0
 739          123.4441279           -4.3596113  30.0 0
 740          124.3452725           -4.3585376  30.0 0
 741          125.2460803           -4.3563837  30.0 0
 742          118.0442501           -4.1180696  30.0 0
 743          118.9424248           -4.1231777  30.0 0
 744          119.8416113           -4.1272733  30.0 0
 745          120.7415864           -4.1303512  30.0 0
 746          121.1917997           -4.1315074  30.0 0
 747          121.4169504           -4.1319895  30.0 0
 748          121.6421260           -4.1324078  30.0 0
 749          121.8673227           -4.1327620  30.0 0
 750          122.0925372           -4.1330522  30.0 0
 751          122.5430051           -4.1334404  30.0 0
 752          123.4439986           -4.1334478  30.0 0
 753          124.3448810           -4.1324299  30.0 0
 754          125.2454270           -4.1303882  30.0 0
 755          118.0456089           -3.8927488  30.0 0
 756          118.9435392           -3.8975765  30.0 0
 757          119.8424799           -3.9014473  30.0 0
 758          120.7422081           -3.9043563  30.0 0
 759          121.1922976           -3.9054490  30.0 0
 760          121.4173865           -3.9059047  30.0 0
 761          121.6425000           -3.9063000  30.0 0
 762          121.8676347           -3.9066348  30.0 0
 763          122.0927872           -3.9069090  30.0 0
 764          122.5431310           -3.9072759  30.0 0
 765          123.4438763           -3.9072829  30.0 0
 766          124.3445105           -3.9063210  30.0 0
 767          125.2448089           -3.9043912  30.0 0
 768          118.0468908           -3.6674263  30.0 0
 769          118.9445905           -3.6719738  30.0 0
 770          119.8432993           -3.6756200  30.0 0
 771          120.7427946           -3.6783601  30.0 0
 772          121.1927673           -3.6793894  30.0 0
 773          121.4177978           -3.6798187  30.0 0
 774          121.6428528           -3.6801910  30.0 0
 775          121.8679291           -3.6805063  30.0 0
 776          122.0930230           -3.6807647  30.0 0
 777          122.5432498           -3.6811103  30.0 0
 778          123.4437608           -3.6811169  30.0 0
 779          124.3441611           -3.6802107  30.0 0
 780          125.2442258           -3.6783930  30.0 0
 781          118.0480957           -3.4421022  30.0 0
 782          118.9455786           -3.4463697  30.0 0
 783          119.8440694           -3.4497913  30.0 0
 784          120.7433458           -3.4523627  30.0 0
 785          121.1932089           -3.4533286  30.0 0
 786          121.4181844           -3.4537314  30.0 0
 787          121.6431845           -3.4540808  30.0 0
 788          121.8682058           -3.4543767  30.0 0
 789          122.0932447           -3.4546191  30.0 0
 790          122.5433615           -3.4549435  30.0 0
 791          123.4436524           -3.4549496  30.0 0
 792          124.3438326           -3.4540993  30.0 0
 793          125.2436777           -3.4523935  30.0 0
 794          118.0502751           -2.9914498  30.0 0
 795          118.9473660           -2.9951576  30.0 0
 796          119.8454626           -2.9981303  30.0 0
 797          120.7443430           -3.0003644  30.0 0
 798          121.1940075           -3.0012036  30.0 0
 799          121.4188837           -3.0015536  30.0 0
 800          121.6437844           -3.0018572  30.0 0
 801          121.8687063           -3.0021143  30.0 0
 802          122.0936457           -3.0023249  30.0 0
 803          122.5435635           -3.0026067  30.0 0
 804          123.4434561           -3.0026120  30.0 0
 805          124.3432384           -3.0018733  30.0 0
 806          125.2426863           -3.0003912  30.0 0
 807          118.0537148           -2.0901305  30.0 0
 808          118.9501869           -2.0927200  30.0 0
 809          119.8476612           -2.0947961  30.0 0
 810          120.7459167           -2.0963564  30.0 0
 811          121.1952680           -2.0969425  30.0 0
 812          121.4199874           -2.0971869  30.0 0
 813          121.6447313           -2.0973989  30.0 0
 814          121.8694962           -2.0975785  30.0 0
 815          122.0942786           -2.0977256  30.0 0
 816          122.5438822           -2.0979224  30.0 0
 817          123.4431464           -2.0979261  30.0 0
 818          124.3423006           -2.0974101  30.0 0
 819          125.2411216           -2.0963751  30.0 0
 820          118.0559322           -1.1887971  30.0 0
 821          118.9520054           -1.1902694  30.0 0
 822          119.8490786           -1.1914499  30.0 0
 823          120.7469312           -1.1923371  30.0 0
 824          121.1960805           -1.1926703  30.0 0
 825          121.4206988           -1.1928093  30.0 0
 826          121.6453416           -1.1929299  30.0 0
 827          121.8700054           -1.1930320  30.0 0
 828          122.0946866           -1.1931156  30.0 0
 829          122.5440877           -1.1932275  30.0 0
 830          123.4429468           -1.1932296  30.0 0
 831          124.3416961           -1.1929363  30.0 0
 832          125.2401130           -1.1923478  30.0 0
 833          118.0569300           -0.2874555  30.0 0
 834          118.9528237           -0.2878115  30.0 0
 835          119.8497163           -0.2880969  30.0 0
 836          120.7473876           -0.2883114  30.0 0
 837          121.1964462           -0.2883920  30.0 0
 838          121.4210190           -0.2884256  30.0 0
 839          121.6456163           -0.2884547  30.0 0
 840          121.8702345           -0.2884794  30.0 0
 841          122.0948702           -0.2884996  30.0 0
 842          122.5441802           -0.2885267  30.0 0
 843          123.4428570           -0.2885272  30.0 0
 844          124.3414241           -0.2884563  30.0 0
 845          125.2396591           -0.2883140  30.0 0
 846          118.0145414           -7.4976191  50.0 0
 847          118.9180601           -7.5069552  50.0 0
 848          119.8226207           -7.5144407  50.0 0
 849          120.7279936           -7.5200664  50.0 0
 850          121.1809125           -7.5221795  50.0 0
 851          121.4074174           -7.5230608  50.0 0
 852          121.6339478           -7.5238252  50.0 0
 853          121.8605000           -7.5244727  50.0 0
 854          122.0870706           -7.5250030  50.0 0
 855          122.5402518           -7.5257126  50.0 0
 856          123.4466736           -7.5257261  50.0 0
 857          124.3529810           -7.5238658  50.0 0
 858          125.2589419           -7.5201339  50.0 0
 859          118.0241863           -6.5964625  50.0 0
 860          118.9259702           -6.6046663  50.0 0
 861          119.8287861           -6.6112438  50.0 0
 862          120.7324066           -6.6161871  50.0 0
 863          121.1844471           -6.6180439  50.0 0
 864          121.4105124           -6.6188183  50.0 0
 865          121.6366029           -6.6194900  50.0 0
 866          121.8627151           -6.6200589  50.0 0
 867          122.0888453           -6.6205249  50.0 0
 868          122.5411457           -6.6211484  50.0 0
 869          123.4458051           -6.6211603  50.0 0
 870          124.3503513           -6.6195256  50.0 0
 871          125.2545542           -6.6162464  50.0 0
 872          118.0325726           -5.6952612  50.0 0
 873          118.9328479           -5.7023365  50.0 0
 874          119.8341468           -5.7080092  50.0 0
 875          120.7362436           -5.7122725  50.0 0
 876          121.1875203           -5.7138738  50.0 0
 877          121.4132034           -5.7145417  50.0 0
 878          121.6389115           -5.7151210  50.0 0
 879          121.8646410           -5.7156116  50.0 0
 880          122.0903885           -5.7160136  50.0 0
 881          122.5419229           -5.7165513  50.0 0
 882          123.4450500           -5.7165615  50.0 0
 883          124.3480648           -5.7151517  50.0 0
 884          125.2507392           -5.7123236  50.0 0
 885          118.0397105           -4.7940213  50.0 0
 886          118.9387018           -4.7999714  50.0 0
 887          119.8387095           -4.8047420  50.0 0
 888          120.7395094           -4.8083273  50.0 0
 889          121.1901361           -4.8096740  50.0 0
 890          121.4154938           -4.8102357  50.0 0
 891          121.6408763           -4.8107228  50.0 0
 892          121.8662802           -4.8111354  50.0 0
 893          122.0917019           -4.8114734  50.0 0
 894          122.5425844           -4.8119256  50.0 0
 895          123.4444073           -4.8119342  50.0 0
 896          124.3461187           -4.8107487  50.0 0
 897          125.2474921           -4.8083703  50.0 0
 898          118.0428142           -4.3433887  50.0 0
 899          118.9412472           -4.3487773  50.0 0
 900          119.8406935           -4.3530978  50.0 0
 901          120.7409294           -4.3563447  50.0 0
 902          121.1912735           -4.3575643  50.0 0
 903          121.4164897           -4.3580730  50.0 0
 904          121.6417307           -4.3585142  50.0 0
 905          121.8669929           -4.3588879  50.0 0
 906          122.0922729           -4.3591940  50.0 0
 907          122.5428720           -4.3596035  50.0 0
 908          123.4441279           -4.3596113  50.0 0
 909          124.3452725           -4.3585376  50.0 0
 910          125.2460803           -4.3563837  50.0 0
 911          118.0442501           -4.1180696  50.0 0
 912          118.9424248           -4.1231777  50.0 0
 913          119.8416113           -4.1272733  50.0 0
 914          120.7415864           -4.1303512  50.0 0
 915          121.1917997           -4.1315074  50.0 0
 916          121.4169504           -4.1319895  50.0 0
 917          121.6421260           -4.1324078  50.0 0
 918          121.8673227           -4.1327620  50.0 0
 919          122.0925372           -4.1330522  50.0 0
 920          122.5430051           -4.1334404  50.0 0
 921          123.4439986           -4.1334478  50.0 0
 922          124.3448810           -4.1324299  50.0 0
 923          125.2454270           -4.1303882  50.0 0
 924          118.0456089           -3.8927488  50.0 0
 925          118.9435392           -3.8975765  50.0 0
 926          119.8424799           -3.9014473  50.0 0
 927          120.7422081           -3.9043563  50.0 0
 928          121.1922976           -3.9054490  50.0 0
 929          121.4173865           -3.9059047  50.0 0
 930          121.6425000           -3.9063000  50.0 0
 931          121.8676347           -3.9066348  50.0 0
 932          122.0927872           -3.9069090  50.0 0
 933          122.5431310           -3.9072759  50.0 0
 934          123.4438763           -3.9072829  50.0 0
 935          124.3445105           -3.9063210  50.0 0
 936          125.2448089           -3.9043912  50.0 0
 937          118.0468908           -3.6674263  50.0 0
 938          118.9445905           -3.6719738  50.0 0
 939          119.8432993           -3.6756200  50.0 0
 940          120.7427946           -3.6783601  50.0 0
 941          121.1927673           -3.6793894  50.0 0
 942          121.4177978           -3.6798187  50.0 0
 943          121.6428528           -3.6801910  50.0 0
 944          121.8679291           -3.6805063  50.0 0
 945          122.0930230           -3.6807647  50.0 0
 946          122.5432498           -3.6811103  50.0 0
 947          123.4437608           -3.6811169  50.0 0
 948          124.3441611           -3.6802107  50.0 0
 949          125.2442258           -3.6783930  50.0 0
 950          118.0480957           -3.4421022  50.0 0
 951          118.9455786           -3.4463697  50.0 0
 952          119.8440694           -3.4497913  50.0 0
 953          120.7433458           -3.4523627  50.0 0
 954          121.1932089           -3.4533286  50.0 0
 955          121.4181844           -3.4537314  50.0 0
 956          121.6431845           -3.4540808  50.0 0
 957          121.8682058           -3.4543767  50.0 0
 958          122.0932447           -3.4546191  50.0 0
 959          122.5433615           -3.4549435  50.0 0
 960          123.4436524           -3.4549496  50.0 0
 961          124.3438326           -3.4540993  50.0 0
 962          125.2436777           -3.4523935  50.0 0
 963          118.0502751           -2.9914498  50.0 0
 964          118.9473660           -2.9951576  50.0 0
 965          119.8454626           -2.9981303  50.0 0
 966          120.7443430           -3.0003644  50.0 0
 967          121.1940075           -3.0012036  50.0 0
 968          121.4188837           -3.0015536  50.0 0
 969          121.6437844           -3.0018572  50.0 0
 970          121.8687063           -3.0021143  50.0 0
 971          122.0936457           -3.0023249  50.0 0
 972          122.5435635           -3.0026067  50.0 0
 973          123.4434561           -3.0026120  50.0 0
 974          124.3432384           -3.0018733  50.0 0
 975          125.2426863           -3.0003912  50.0 0
 976          118.0537148           -2.0901305  50.0 0
 977          118.9501869           -2.0927200  50.0 0
 978          119.8476612           -2.0947961  50.0 0
 979          120.7459167           -2.0963564  50.0 0
 980          121.1952680           -2.0969425  50.0 0
 981          121.4199874           -2.0971869  50.0 0
 982          121.6447313           -2.0973989  50.0 0
 983          121.8694962           -2.0975785  50.0 0
 984          122.0942786           -2.0977256  50.0 0
 985          122.5438822           -2.0979224  50.0 0
 986          123.4431464           -2.0979261  50.0 0
 987          124.3423006           -2.0974101  50.0 0
 988          125.2411216           -2.0963751  50.0 0
 989          118.0559322           -1.1887971  50.0 0
 990          118.9520054           -1.1902694  50.0 0
 991          119.8490786           -1.1914499  50.0 0
 992          120.7469312           -1.1923371  50.0 0
 993          121.1960805           -1.1926703  50.0 0
 994          121.4206988           -1.1928093  50.0 0
 995          121.6453416           -1.1929299  50.0 0
 996          121.8700054           -1.1930320  50.0 0
 997          122.0946866           -1.1931156  50.0 0
 998          122.5440877           -1.1932275  50.0 0
 999          123.4429468           -1.1932296  50.0 0
1000          124.3416961           -1.1929363  50.0 0
1001          125.2401130           -1.1923478  50.0 0
1002          118.0569300           -0.2874555  50.0 0
1003          118.9528237           -0.2878115  50.0 0
1004          119.8497163           -0.2880969  50.0 0
1005          120.7473876           -0.2883114  50.0 0
1006          121.1964462           -0.2883920  50.0 0
1007          121.4210190           -0.2884256  50.0 0
1008          121.6456163           -0.2884547  50.0 0
1009          121.8702345           -0.2884794  50.0 0
1010          122.0948702           -0.2884996  50.0 0
1011          122.5441802           -0.2885267  50.0 0
1012          123.4428570           -0.2885272  50.0 0
1013          124.3414241           -0.2884563  50.0 0
1014          125.2396591           -0.2883140  50.0 0
1015          118.0145414           -7.4976191  75.0 0
1016          118.9180601           -7.5069552  75.0 0
1017          119.8226207           -7.5144407  75.0 0
1018          120.7279936           -7.5200664  75.0 0
1019          121.1809125           -7.5221795  75.0 0
1020          121.4074174           -7.5230608  75.0 0
1021          121.6339478           -7.5238252  75.0 0
1022          121.8605000           -7.5244727  75.0 0
1023          122.0870706           -7.5250030  75.0 0
1024          122.5402518           -7.5257126  75.0 0
1025          123.4466736           -7.5257261  75.0 0
1026          124.3529810           -7.5238658  75.0 0
1027          125.2589419           -7.5201339  75.0 0
1028          118.0241863           -6.5964625  75.0 0
1029          118.9259702           -6.6046663  75.0 0
1030          119.8287861           -6.6112438  75.0 0
1031          120.7324066           -6.6161871  75.0 0
1032          121.1844471           -6.6180439  75.0 0
1033          121.4105124           -6.6188183  75.0 0
1034          121.6366029           -6.6194900  75.0 0
1035          121.8627151           -6.6200589  75.0 0
1036          122.0888453           -6.6205249  75.0 0
1037          122.5411457           -6.6211484  75.0 0
1038          123.4458051           -6.6211603  75.0 0
1039          124.3503513           -6.6195256  75.0 0
1040          125.2545542           -6.6162464  75.0 0
1041          118.0325726           -5.6952612  75.0 0
1042          118.9328479           -5.7023365  75.0 0
1043          119.8341468           -5.7080092  75.0 0
1044          120.7362436           -5.7122725  75.0 0
1045          121.1875203           -5.7138738  75.0 0
1046          121.4132034           -5.7145417  75.0 0
1047          121.6389115           -5.7151210  75.0 0
1048          121.8646410           -5.7156116  75.0 0
1049          122.0903885           -5.7160136  75.0 0
1050          122.5419229           -5.7165513  75.0 0
1051          123.4450500           -5.7165615  75.0 0
1052          124.3480648           -5.7151517  75.0 0
1053          125.2507392           -5.7123236  75.0 0
1054          118.0397105           -4.7940213  75.0 0
1055          118.9387018           -4.7999714  75.0 0
1056          119.8387095           -4.8047420  75.0 0
1057          120.7395094           -4.8083273  75.0 0
1058          121.1901361           -4.8096740  75.0 0
1059          121.4154938           -4.8102357  75.0 0
1060          121.6408763           -4.8107228  75.0 0
1061          121.8662802           -4.8111354  75.0 0
1062          122.0917019           -4.8114734  75.0 0
1063          122.5425844           -4.8119256  75.0 0
1064          123.4444073           -4.8119342  75.0 0
1065          124.3461187           -4.8107487  75.0 0
1066          125.2474921           -4.8083703  75.0 0
1067          118.0428142           -4.3433887  75.0 0
1068          118.9412472           -4.3487773  75.0 0
1069          119.8406935           -4.3530978  75.0 0
1070          120.7409294           -4.3563447  75.0 0
1071          121.1912735           -4.3575643  75.0 0
1072          121.4164897           -4.3580730  75.0 0
1073          121.6417307           -4.3585142  75.0 0
1074          121.8669929           -4.3588879  75.0 0
1075          122.0922729           -4.3591940  75.0 0
1076          122.5428720           -4.3596035  75.0 0
1077          123.4441279           -4.3596113  75.0 0
1078          124.3452725           -4.3585376  75.0 0
1079          125.2460803           -4.3563837  75.0 0
1080          118.0442501           -4.1180696  75.0 0
1081          118.9424248           -4.1231777  75.0 0
1082          119.8416113           -4.1272733  75.0 0
1083          120.7415864           -4.1303512  75.0 0
1084          121.1917997           -4.1315074  75.0 0
1085          121.4169504           -4.1319895  75.0 0
1086          121.6421260           -4.1324078  75.0 0
1087          121.8673227           -4.1327620  75.0 0
1088          122.0925372           -4.1330522  75.0 0
1089          122.5430051           -4.1334404  75.0 0
1090          123.4439986           -4.1334478  75.0 0
1091          124.3448810           -4.1324299  75.0 0
1092          125.2454270           -4.1303882  75.0 0
1093          118.0456089           -3.8927488  75.0 0
1094          118.9435392           -3.8975765  75.0 0
1095          119.8424799           -3.9014473  75.0 0
1096          120.7422081           -3.9043563  75.0 0
1097          121.1922976           -3.9054490  75.0 0
1098          121.4173865           -3.9059047  75.0 0
1099          121.6425000           -3.9063000  75.0 0
1100          121.8676347           -3.9066348  75.0 0
1101          122.0927872           -3.9069090  75.0 0
1102          122.5431310           -3.9072759  75.0 0
1103          123.4438763           -3.9072829  75.0 0
1104          124.3445105           -3.9063210  75.0 0
1105          125.2448089           -3.9043912  75.0 0
1106          118.0468908           -3.6674263  75.0 0
1107          118.9445905           -3.6719738  75.0 0
1108          119.8432993           -3.6756200  75.0 0
1109          120.7427946           -3.6783601  75.0 0
1110          121.1927673           -3.6793894  75.0 0
1111          121.4177978           -3.6798187  75.0 0
1112          121.6428528           -3.6801910  75.0 0
1113          121.8679291           -3.6805063  75.0 0
1114          122.0930230           -3.6807647  75.0 0
1115          122.5432498           -3.6811103  75.0 0
1116          123.4437608           -3.6811169  75.0 0
1117          124.3441611           -3.6802107  75.0 0
1118          125.2442258           -3.6783930  75.0 0
1119          118.0480957           -3.4421022  75.0 0
1120          118.9455786           -3.4463697  75.0 0
1121          119.8440694           -3.4497913  75.0 0
1122          120.7433458           -3.4523627  75.0 0
1123          121.1932089           -3.4533286  75.0 0
1124          121.4181844           -3.4537314  75.0 0
1125          121.6431845           -3.4540808  75.0 0
1126          121.8682058           -3.4543767  75.0 0
1127          122.0932447           -3.4546191  75.0 0
1128          122.5433615           -3.4549435  75.0 0
1129          123.4436524           -3.4549496  75.0 0
1130          124.3438326           -3.4540993  75.0 0
1131          125.2436777           -3.4523935  75.0 0
1132          118.0502751           -2.9914498  75.0 0
1133          118.9473660           -2.9951576  75.0 0
1134          119.8454626           -2.9981303  75.0 0
1135          120.7443430           -3.0003644  75.0 0
1136          121.1940075           -3.0012036  75.0 0
1137          121.4188837           -3.0015536  75.0 0
1138          121.6437844           -3.0018572  75.0 0
1139          121.8687063           -3.0021143  75.0 0
1140          122.0936457           -3.0023249  75.0 0
1141          122.5435635           -3.0026067  75.0 0
1142          123.4434561           -3.0026120  75.0 0
1143          124.3432384           -3.0018733  75.0 0
1144          125.2426863           -3.0003912  75.0 0
1145          118.0537148           -2.0901305  75.0 0
1146          118.9501869           -2.0927200  75.0 0
1147          119.8476612           -2.0947961  75.0 0
1148          120.7459167           -2.0963564  75.0 0
1149          121.1952680           -2.0969425  75.0 0
1150          121.4199874           -2.0971869  75.0 0
1151          121.6447313           -2.0973989  75.0 0
1152          121.8694962           -2.0975785  75.0 0
1153          122.0942786           -2.0977256  75.0 0
1154          122.5438822           -2.0979224  75.0 0
1155          123.4431464           -2.0979261  75.0 0
1156          124.3423006           -2.0974101  75.0 0
1157          125.2411216           -2.0963751  75.0 0
1158          118.0559322           -1.1887971  75.0 0
1159          118.9520054           -1.1902694  75.0 0
1160          119.8490786           -1.1914499  75.0 0
1161          120.7469312           -1.1923371  75.0 0
1162          121.1960805           -1.1926703  75.0 0
1163          121.4206988           -1.1928093  75.0 0
1164          121.6453416           -1.1929299  75.0 0
1165          121.8700054           -1.1930320  75.0 0
1166          122.0946866           -1.1931156  75.0 0
1167          122.5440877           -1.1932275  75.0 0
1168          123.4429468           -1.1932296  75.0 0
1169          124.3416961           -1.1929363  75.0 0
1170          125.2401130           -1.1923478  75.0 0
1171          118.0569300           -0.2874555  75.0 0
1172          118.9528237           -0.2878115  75.0 0
1173          119.8497163           -0.2880969  75.0 0
1174          120.7473876           -0.2883114  75.0 0
1175          121.1964462           -0.2883920  75.0 0
1176          121.4210190           -0.2884256  75.0 0
1177          121.6456163           -0.2884547  75.0 0
1178          121.8702345           -0.2884794  75.0 0
1179          122.0948702           -0.2884996  75.0 0
1180          122.5441802           -0.2885267  75.0 0
1181          123.4428570           -0.2885272  75.0 0
1182          124.3414241           -0.2884563  75.0 0
1183          125.2396591           -0.2883140  75.0 0
1184          118.0145414           -7.4976191 100.0 0
1185          118.9180601           -7.5069552 100.0 0
1186          119.8226207           -7.5144407 100.0 0
1187          120.7279936           -7.5200664 100.0 0
1188          121.1809125           -7.5221795 100.0 0
1189          121.4074174           -7.5230608 100.0 0
1190          121.6339478           -7.5238252 100.0 0
1191          121.8605000           -7.5244727 100.0 0
1192          122.0870706           -7.5250030 100.0 0
1193          122.5402518           -7.5257126 100.0 0
1194          123.4466736           -7.5257261 100.0 0
1195          124.3529810           -7.5238658 100.0 0
1196          125.2589419           -7.5201339 100.0 0
1197          118.0241863           -6.5964625 100.0 0
1198          118.9259702           -6.6046663 100.0 0
1199          119.8287861           -6.6112438 100.0 0
1200          120.7324066           -6.6161871 100.0 0
1201          121.1844471           -6.6180439 100.0 0
1202          121.4105124           -6.6188183 100.0 0
1203          121.6366029           -6.6194900 100.0 0
1204          121.8627151           -6.6200589 100.0 0
1205          122.0888453           -6.6205249 100.0 0
1206          122.5411457           -6.6211484 100.0 0
1207          123.4458051           -6.6211603 100.0 0
1208          124.3503513           -6.6195256 100.0 0
1209          125.2545542           -6.6162464 100.0 0
1210          118.0325726           -5.6952612 100.0 0
1211          118.9328479           -5.7023365 100.0 0
1212          119.8341468           -5.7080092 100.0 0
1213          120.7362436           -5.7122725 100.0 0
1214          121.1875203           -5.7138738 100.0 0
1215          121.4132034           -5.7145417 100.0 0
1216          121.6389115           -5.7151210 100.0 0
1217          121.8646410           -5.7156116 100.0 0
1218          122.0903885           -5.7160136 100.0 0
1219          122.5419229           -5.7165513 100.0 0
1220          123.4450500           -5.7165615 100.0 0
1221          124.3480648           -5.7151517 100.0 0
1222          125.2507392           -5.7123236 100.0 0
1223          118.0397105           -4.7940213 100.0 0
1224          118.9387018           -4.7999714 100.0 0
1225          119.8387095           -4.8047420 100.0 0
1226          120.7395094           -4.8083273 100.0 0
1227          121.1901361           -4.8096740 100.0 0
1228          121.4154938           -4.8102357 100.0 0
1229          121.6408763           -4.8107228 100.0 0
1230          121.8662802           -4.8111354 100.0 0
1231          122.0917019           -4.8114734 100.0 0
1232          122.5425844           -4.8119256 100.0 0
1233          123.4444073           -4.8119342 100.0 0
1234          124.3461187           -4.8107487 100.0 0
1235          125.2474921           -4.8083703 100.0 0
1236          118.0428142           -4.3433887 100.0 0
1237          118.9412472           -4.3487773 100.0 0
1238          119.8406935           -4.3530978 100.0 0
1239          120.7409294           -4.3563447 100.0 0
1240          121.1912735           -4.3575643 100.0 0
1241          121.4164897           -4.3580730 100.0 0
1242          121.6417307           -4.3585142 100.0 0
1243          121.8669929           -4.3588879 100.0 0
1244          122.0922729           -4.3591940 100.0 0
1245          122.5428720           -4.3596035 100.0 0
1246          123.4441279           -4.3596113 100.0 0
1247          124.3452725           -4.3585376 100.0 0
1248          125.2460803           -4.3563837 100.0 0
1249          118.0442501           -4.1180696 100.0 0
1250          118.9424248           -4.1231777 100.0 0
1251          119.8416113           -4.1272733 100.0 0
1252          120.7415864           -4.1303512 100.0 0
1253          121.1917997           -4.1315074 100.0 0
1254          121.4169504           -4.1319895 100.0 0
1255          121.6421260           -4.1324078 100.0 0
1256          121.8673227           -4.1327620 100.0 0
1257          122.0925372           -4.1330522 100.0 0
1258          122.5430051           -4.1334404 100.0 0
1259          123.4439986           -4.1334478 100.0 0
1260          124.3448810           -4.1324299 100.0 0
1261          125.2454270           -4.1303882 100.0 0
1262          118.0456089           -3.8927488 100.0 0
1263          118.9435392           -3.8975765 100.0 0
1264          119.8424799           -3.9014473 100.0 0
1265          120.7422081           -3.9043563 100.0 0
1266          121.1922976           -3.9054490 100.0 0
1267          121.4173865           -3.9059047 100.0 0
1268          121.6425000           -3.9063000 100.0 0
1269          121.8676347           -3.9066348 100.0 0
1270          122.0927872           -3.9069090 100.0 0
1271          122.5431310           -3.9072759 100.0 0
1272          123.4438763           -3.9072829 100.0 0
1273          124.3445105           -3.9063210 100.0 0
1274          125.2448089           -3.9043912 100.0 0
1275          118.0468908           -3.6674263 100.0 0
1276          118.9445905           -3.6719738 100.0 0
1277          119.8432993           -3.6756200 100.0 0
1278          120.7427946           -3.6783601 100.0 0
1279          121.1927673           -3.6793894 100.0 0
1280          121.4177978           -3.6798187 100.0 0
1281          121.6428528           -3.6801910 100.0 0
1282          121.8679291           -3.6805063 100.0 0
1283          122.0930230           -3.6807647 100.0 0
1284          122.5432498           -3.6811103 100.0 0
1285          123.4437608           -3.6811169 100.0 0
1286          124.3441611           -3.6802107 100.0 0
1287          125.2442258           -3.6783930 100.0 0
1288          118.0480957           -3.4421022 100.0 0
1289          118.9455786           -3.4463697 100.0 0
1290          119.8440694           -3.4497913 100.0 0
1291          120.7433458           -3.4523627 100.0 0
1292          121.1932089           -3.4533286 100.0 0
1293          121.4181844           -3.4537314 100.0 0
1294          121.6431845           -3.4540808 100.0 0
1295          121.8682058           -3.4543767 100.0 0
1296          122.0932447           -3.4546191 100.0 0
1297          122.5433615           -3.4549435 100.0 0
1298          123.4436524           -3.4549496 100.0 0
1299          124.3438326           -3.4540993 100.0 0
1300          125.2436777           -3.4523935 100.0 0
1301          118.0502751           -2.9914498 100.0 0
1302          118.9473660           -2.9951576 100.0 0
1303          119.8454626           -2.9981303 100.0 0
1304          120.7443430           -3.0003644 100.0 0
1305          121.1940075           -3.0012036 100.0 0
1306          121.4188837           -3.0015536 100.0 0
1307          121.6437844           -3.0018572 100.0 0
1308          121.8687063           -3.0021143 100.0 0
1309          122.0936457           -3.0023249 100.0 0
1310          122.5435635           -3.0026067 100.0 0
1311          123.4434561           -3.0026120 100.0 0
1312          124.3432384           -3.0018733 100.0 0
1313          125.2426863           -3.0003912 100.0 0
1314          118.0537148           -2.0901305 100.0 0
1315          118.9501869           -2.0927200 100.0 0
1316          119.8476612           -2.0947961 100.0 0
1317          120.7459167           -2.0963564 100.0 0
1318          121.1952680           -2.0969425 100.0 0
1319          121.4199874           -2.0971869 100.0 0
1320          121.6447313           -2.0973989 100.0 0
1321          121.8694962           -2.0975785 100.0 0
1322          122.0942786           -2.0977256 100.0 0
1323          122.5438822           -2.0979224 100.0 0
1324          123.4431464           -2.0979261 100.0 0
1325          124.3423006           -2.0974101 100.0 0
1326          125.2411216           -2.0963751 100.0 0
1327          118.0559322           -1.1887971 100.0 0
1328          118.9520054           -1.1902694 100.0 0
1329          119.8490786           -1.1914499 100.0 0
1330          120.7469312           -1.1923371 100.0 0
1331          121.1960805           -1.1926703 100.0 0
1332          121.4206988           -1.1928093 100.0 0
1333          121.6453416           -1.1929299 100.0 0
1334          121.8700054           -1.1930320 100.0 0
1335          122.0946866           -1.1931156 100.0 0
1336          122.5440877           -1.1932275 100.0 0
1337          123.4429468           -1.1932296 100.0 0
1338          124.3416961           -1.1929363 100.0 0
1339          125.2401130           -1.1923478 100.0 0
1340          118.0569300           -0.2874555 100.0 0
1341          118.9528237           -0.2878115 100.0 0
1342          119.8497163           -0.2880969 100.0 0
1343          120.7473876           -0.2883114 100.0 0
1344          121.1964462           -0.2883920 100.0 0
1345          121.4210190           -0.2884256 100.0 0
1346          121.6456163           -0.2884547 100.0 0
1347          121.8702345           -0.2884794 100.0 0
1348          122.0948702           -0.2884996 100.0 0
1349          122.5441802           -0.2885267 100.0 0
1350          123.4428570           -0.2885272 100.0 0
1351          124.3414241           -0.2884563 100.0 0
1352          125.2396591           -0.2883140 100.0 0
1353          118.0145414           -7.4976191 150.0 0
1354          118.9180601           -7.5069552 150.0 0
1355          119.8226207           -7.5144407 150.0 0
1356          120.7279936           -7.5200664 150.0 0
1357          121.1809125           -7.5221795 150.0 0
1358          121.4074174           -7.5230608 150.0 0
1359          121.6339478           -7.5238252 150.0 0
1360          121.8605000           -7.5244727 150.0 0
1361          122.0870706           -7.5250030 150.0 0
1362          122.5402518           -7.5257126 150.0 0
1363          123.4466736           -7.5257261 150.0 0
1364          124.3529810           -7.5238658 150.0 0
1365          125.2589419           -7.5201339 150.0 0
1366          118.0241863           -6.5964625 150.0 0
1367          118.9259702           -6.6046663 150.0 0
1368          119.8287861           -6.6112438 150.0 0
1369          120.7324066           -6.6161871 150.0 0
1370          121.1844471           -6.6180439 150.0 0
1371          121.4105124           -6.6188183 150.0 0
1372          121.6366029           -6.6194900 150.0 0
1373          121.8627151           -6.6200589 150.0 0
1374          122.0888453           -6.6205249 150.0 0
1375          122.5411457           -6.6211484 150.0 0
1376          123.4458051           -6.6211603 150.0 0
1377          124.3503513           -6.6195256 150.0 0
1378          125.2545542           -6.6162464 150.0 0
1379          118.0325726           -5.6952612 150.0 0
1380          118.9328479           -5.7023365 150.0 0
1381          119.8341468           -5.7080092 150.0 0
1382          120.7362436           -5.7122725 150.0 0
1383          121.1875203           -5.7138738 150.0 0
1384          121.4132034           -5.7145417 150.0 0
1385          121.6389115           -5.7151210 150.0 0
1386          121.8646410           -5.7156116 150.0 0
1387          122.0903885           -5.7160136 150.0 0
1388          122.5419229           -5.7165513 150.0 0
1389          123.4450500           -5.7165615 150.0 0
1390          124.3480648           -5.7151517 150.0 0
1391          125.2507392           -5.7123236 150.0 0
1392          118.0397105           -4.7940213 150.0 0
1393          118.9387018           -4.7999714 150.0 0
1394          119.8387095           -4.8047420 150.0 0
1395          120.7395094           -4.8083273 150.0 0
1396          121.1901361           -4.8096740 150.0 0
1397          121.4154938           -4.8102357 150.0 0
1398          121.6408763           -4.8107228 150.0 0
1399          121.8662802           -4.8111354 150.0 0
1400          122.0917019           -4.8114734 150.0 0
1401          122.5425844           -4.8119256 150.0 0
1402          123.4444073           -4.8119342 150.0 0
1403          124.3461187           -4.8107487 150.0 0
1404          125.2474921           -4.8083703 150.0 0
1405          118.0428142           -4.3433887 150.0 0
1406          118.9412472           -4.3487773 150.0 0
1407          119.8406935           -4.3530978 150.0 0
1408          120.7409294           -4.3563447 150.0 0
1409          121.1912735           -4.3575643 150.0 0
1410          121.4164897           -4.3580730 150.0 0
1411          121.6417307           -4.3585142 150.0 0
1412          121.8669929           -4.3588879 150.0 0
1413          122.0922729           -4.3591940 150.0 0
1414          122.5428720           -4.3596035 150.0 0
1415          123.4441279           -4.3596113 150.0 0
1416          124.3452725           -4.3585376 150.0 0
1417          125.2460803           -4.3563837 150.0 0
1418          118.0442501           -4.1180696 150.0 0
1419          118.9424248           -4.1231777 150.0 0
1420          119.8416113           -4.1272733 150.0 0
1421          120.7415864           -4.1303512 150.0 0
1422          121.1917997           -4.1315074 150.0 0
1423          121.4169504           -4.1319895 150.0 0
1424          121.6421260           -4.1324078 150.0 0
1425          121.8673227           -4.1327620 150.0 0
1426          122.0925372           -4.1330522 150.0 0
1427          122.5430051           -4.1334404 150.0 0
1428          123.4439986           -4.1334478 150.0 0
1429          124.3448810           -4.1324299 150.0 0
1430          125.2454270           -4.1303882 150.0 0
1431          118.0456089           -3.8927488 150.0 0
1432          118.9435392           -3.8975765 150.0 0
1433          119.8424799           -3.9014473 150.0 0
1434          120.7422081           -3.9043563 150.0 0
1435          121.1922976           -3.9054490 150.0 0
1436          121.4173865           -3.9059047 150.0 0
1437          121.6425000           -3.9063000 150.0 0
1438          121.8676347           -3.9066348 150.0 0
1439          122.0927872           -3.9069090 150.0 0
1440          122.5431310           -3.9072759 150.0 0
1441          123.4438763           -3.9072829 150.0 0
1442          124.3445105           -3.9063210 150.0 0
1443          125.2448089           -3.9043912 150.0 0
1444          118.0468908           -3.6674263 150.0 0
1445          118.9445905           -3.6719738 150.0 0
1446          119.8432993           -3.6756200 150.0 0
1447          120.7427946           -3.6783601 150.0 0
1448          121.1927673           -3.6793894 150.0 0
1449          121.4177978           -3.6798187 150.0 0
1450          121.6428528           -3.6801910 150.0 0
1451          121.8679291           -3.6805063 150.0 0
1452          122.0930230           -3.6807647 150.0 0
1453          122.5432498           -3.6811103 150.0 0
1454          123.4437608           -3.6811169 150.0 0
1455          124.3441611           -3.6802107 150.0 0
1456          125.2442258           -3.6783930 150.0 0
1457          118.0480957           -3.4421022 150.0 0
1458          118.9455786           -3.4463697 150.0 0
1459          119.8440694           -3.4497913 150.0 0
1460          120.7433458           -3.4523627 150.0 0
1461          121.1932089           -3.4533286 150.0 0
1462          121.4181844           -3.4537314 150.0 0
1463          121.6431845           -3.4540808 150.0 0
1464          121.8682058           -3.4543767 150.0 0
1465          122.0932447           -3.4546191 150.0 0
1466          122.5433615           -3.4549435 150.0 0
1467          123.4436524           -3.4549496 150.0 0
1468          124.3438326           -3.4540993 150.0 0
1469          125.2436777           -3.4523935 150.0 0
1470          118.0502751           -2.9914498 150.0 0
1471          118.9473660           -2.9951576 150.0 0
1472          119.8454626           -2.9981303 150.0 0
1473          120.7443430           -3.0003644 150.0 0
1474          121.1940075           -3.0012036 150.0 0
1475          121.4188837           -3.0015536 150.0 0
1476          121.6437844           -3.0018572 150.0 0
1477          121.8687063           -3.0021143 150.0 0
1478          122.0936457           -3.0023249 150.0 0
1479          122.5435635           -3.0026067 150.0 0
1480          123.4434561           -3.0026120 150.0 0
1481          124.3432384           -3.0018733 150.0 0
1482          125.2426863           -3.0003912 150.0 0
1483          118.0537148           -2.0901305 150.0 0
1484          118.9501869           -2.0927200 150.0 0
1485          119.8476612           -2.0947961 150.0 0
1486          120.7459167           -2.0963564 150.0 0
1487          121.1952680           -2.0969425 150.0 0
1488          121.4199874           -2.0971869 150.0 0
1489          121.6447313           -2.0973989 150.0 0
1490          121.8694962           -2.0975785 150.0 0
1491          122.0942786           -2.0977256 150.0 0
1492          122.5438822           -2.0979224 150.0 0
1493          123.4431464           -2.0979261 150.0 0
1494          124.3423006           -2.0974101 150.0 0
1495          125.2411216           -2.0963751 150.0 0
1496          118.0559322           -1.1887971 150.0 0
1497          118.9520054           -1.1902694 150.0 0
1498          119.8490786           -1.1914499 150.0 0
1499          120.7469312           -1.1923371 150.0 0
1500          121.1960805           -1.1926703 150.0 0
1501          121.4206988           -1.1928093 150.0 0
1502          121.6453416           -1.1929299 150.0 0
1503          121.8700054           -1.1930320 150.0 0
1504          122.0946866           -1.1931156 150.0 0
1505          122.5440877           -1.1932275 150.0 0
1506          123.4429468           -1.1932296 150.0 0
1507          124.3416961           -1.1929363 150.0 0
1508          125.2401130           -1.1923478 150.0 0
1509          118.0569300           -0.2874555 150.0 0
1510          118.9528237           -0.2878115 150.0 0
1511          119.8497163           -0.2880969 150.0 0
1512          120.7473876           -0.2883114 150.0 0
1513          121.1964462           -0.2883920 150.0 0
1514          121.4210190           -0.2884256 150.0 0
1515          121.6456163           -0.2884547 150.0 0
1516          121.8702345           -0.2884794 150.0 0
1517          122.0948702           -0.2884996 150.0 0
1518          122.5441802           -0.2885267 150.0 0
1519          123.4428570           -0.2885272 150.0 0
1520          124.3414241           -0.2884563 150.0 0
1521          125.2396591           -0.2883140 150.0 0
1522          118.0145414           -7.4976191 200.0 0
1523          118.9180601           -7.5069552 200.0 0
1524          119.8226207           -7.5144407 200.0 0
1525          120.7279936           -7.5200664 200.0 0
1526          121.1809125           -7.5221795 200.0 0
1527          121.4074174           -7.5230608 200.0 0
1528          121.6339478           -7.5238252 200.0 0
1529          121.8605000           -7.5244727 200.0 0
1530          122.0870706           -7.5250030 200.0 0
1531          122.5402518           -7.5257126 200.0 0
1532          123.4466736           -7.5257261 200.0 0
1533          124.3529810           -7.5238658 200.0 0
1534          125.2589419           -7.5201339 200.0 0
1535          118.0241863           -6.5964625 200.0 0
1536          118.9259702           -6.6046663 200.0 0
1537          119.8287861           -6.6112438 200.0 0
1538          120.7324066           -6.6161871 200.0 0
1539          121.1844471           -6.6180439 200.0 0
1540          121.4105124           -6.6188183 200.0 0
1541          121.6366029           -6.6194900 200.0 0
1542          121.8627151           -6.6200589 200.0 0
1543          122.0888453           -6.6205249 200.0 0
1544          122.5411457           -6.6211484 200.0 0
1545          123.4458051           -6.6211603 200.0 0
1546          124.3503513           -6.6195256 200.0 0
1547          125.2545542           -6.6162464 200.0 0
1548          118.0325726           -5.6952612 200.0 0
1549          118.9328479           -5.7023365 200.0 0
1550          119.8341468           -5.7080092 200.0 0
1551          120.7362436           -5.7122725 200.0 0
1552          121.1875203           -5.7138738 200.0 0
1553          121.4132034           -5.7145417 200.0 0
1554          121.6389115           -5.7151210 200.0 0
1555          121.8646410           -5.7156116 200.0 0
1556          122.0903885           -5.7160136 200.0 0
1557          122.5419229           -5.7165513 200.0 0
1558          123.4450500           -5.7165615 200.0 0
1559          124.3480648           -5.7151517 200.0 0
1560          125.2507392           -5.7123236 200.0 0
1561          118.0397105           -4.7940213 200.0 0
1562          118.9387018           -4.7999714 200.0 0
1563          119.8387095           -4.8047420 200.0 0
1564          120.7395094           -4.8083273 200.0 0
1565          121.1901361           -4.8096740 200.0 0
1566          121.4154938           -4.8102357 200.0 0
1567          121.6408763           -4.8107228 200.0 0
1568          121.8662802           -4.8111354 200.0 0
1569          122.0917019           -4.8114734 200.0 0
1570          122.5425844           -4.8119256 200.0 0
1571          123.4444073           -4.8119342 200.0 0
1572          124.3461187           -4.8107487 200.0 0
1573          125.2474921           -4.8083703 200.0 0
1574          118.0428142           -4.3433887 200.0 0
1575          118.9412472           -4.3487773 200.0 0
1576          119.8406935           -4.3530978 200.0 0
1577          120.7409294           -4.3563447 200.0 0
1578          121.1912735           -4.3575643 200.0 0
1579          121.4164897           -4.3580730 200.0 0
1580          121.6417307           -4.3585142 200.0 0
1581          121.8669929           -4.3588879 200.0 0
1582          122.0922729           -4.3591940 200.0 0
1583          122.5428720           -4.3596035 200.0 0
1584          123.4441279           -4.3596113 200.0 0
1585          124.3452725           -4.3585376 200.0 0
1586          125.2460803           -4.3563837 200.0 0
1587          118.0442501           -4.1180696 200.0 0
1588          118.9424248           -4.1231777 200.0 0
1589          119.8416113           -4.1272733 200.0 0
1590          120.7415864           -4.1303512 200.0 0
1591          121.1917997           -4.1315074 200.0 0
1592          121.4169504           -4.1319895 200.0 0
1593          121.6421260           -4.1324078 200.0 0
1594          121.8673227           -4.1327620 200.0 0
1595          122.0925372           -4.1330522 200.0 0
1596          122.5430051           -4.1334404 200.0 0
1597          123.4439986           -4.1334478 200.0 0
1598          124.3448810           -4.1324299 200.0 0
1599          125.2454270           -4.1303882 200.0 0
1600          118.0456089           -3.8927488 200.0 0
1601          118.9435392           -3.8975765 200.0 0
1602          119.8424799           -3.9014473 200.0 0
1603          120.7422081           -3.9043563 200.0 0
1604          121.1922976           -3.9054490 200.0 0
1605          121.4173865           -3.9059047 200.0 0
1606          121.6425000           -3.9063000 200.0 0
1607          121.8676347           -3.9066348 200.0 0
1608          122.0927872           -3.9069090 200.0 0
1609          122.5431310           -3.9072759 200.0 0
1610          123.4438763           -3.9072829 200.0 0
1611          124.3445105           -3.9063210 200.0 0
1612          125.2448089           -3.9043912 200.0 0
1613          118.0468908           -3.6674263 200.0 0
1614          118.9445905           -3.6719738 200.0 0
1615          119.8432993           -3.6756200 200.0 0
1616          120.7427946           -3.6783601 200.0 0
1617          121.1927673           -3.6793894 200.0 0
1618          121.4177978           -3.6798187 200.0 0
1619          121.6428528           -3.6801910 200.0 0
1620          121.8679291           -3.6805063 200.0 0
1621          122.0930230           -3.6807647 200.0 0
1622          122.5432498           -3.6811103 200.0 0
1623          123.4437608           -3.6811169 200.0 0
1624          124.3441611           -3.6802107 200.0 0
1625          125.2442258           -3.6783930 200.0 0
1626          118.0480957           -3.4421022 200.0 0
1627          118.9455786           -3.4463697 200.0 0
1628          119.8440694           -3.4497913 200.0 0
1629          120.7433458           -3.4523627 200.0 0
1630          121.1932089           -3.4533286 200.0 0
1631          121.4181844           -3.4537314 200.0 0
1632          121.6431845           -3.4540808 200.0 0
1633          121.8682058           -3.4543767 200.0 0
1634          122.0932447           -3.4546191 200.0 0
1635          122.5433615           -3.4549435 200.0 0
1636          123.4436524           -3.4549496 200.0 0
1637          124.3438326           -3.4540993 200.0 0
1638          125.2436777           -3.4523935 200.0 0
1639          118.0502751           -2.9914498 200.0 0
1640          118.9473660           -2.9951576 200.0 0
1641          119.8454626           -2.9981303 200.0 0
1642          120.7443430           -3.0003644 200.0 0
1643          121.1940075           -3.0012036 200.0 0
1644          121.4188837           -3.0015536 200.0 0
1645          121.6437844           -3.0018572 200.0 0
1646          121.8687063           -3.0021143 200.0 0
1647          122.0936457           -3.0023249 200.0 0
1648          122.5435635           -3.0026067 200.0 0
1649          123.4434561           -3.0026120 200.0 0
1650          124.3432384           -3.0018733 200.0 0
1651          125.2426863           -3.0003912 200.0 0
1652          118.0537148           -2.0901305 200.0 0
1653          118.9501869           -2.0927200 200.0 0
1654          119.8476612           -2.0947961 200.0 0
1655          120.7459167           -2.0963564 200.0 0
1656          121.1952680           -2.0969425 200.0 0
1657          121.4199874           -2.0971869 200.0 0
1658          121.6447313           -2.0973989 200.0 0
1659          121.8694962           -2.0975785 200.0 0
1660          122.0942786           -2.0977256 200.0 0
1661          122.5438822           -2.0979224 200.0 0
1662          123.4431464           -2.0979261 200.0 0
1663          124.3423006           -2.0974101 200.0 0
1664          125.2411216           -2.0963751 200.0 0
1665          118.0559322           -1.1887971 200.0 0
1666          118.9520054           -1.1902694 200.0 0
1667          119.8490786           -1.1914499 200.0 0
1668          120.7469312           -1.1923371 200.0 0
1669          121.1960805           -1.1926703 200.0 0
1670          121.4206988           -1.1928093 200.0 0
1671          121.6453416           -1.1929299 200.0 0
1672          121.8700054           -1.1930320 200.0 0
1673          122.0946866           -1.1931156 200.0 0
1674          122.5440877           -1.1932275 200.0 0
1675          123.4429468           -1.1932296 200.0 0
1676          124.3416961           -1.1929363 200.0 0
1677          125.2401130           -1.1923478 200.0 0
1678          118.0569300           -0.2874555 200.0 0
1679          118.9528237           -0.2878115 200.0 0
1680          119.8497163           -0.2880969 200.0 0
1681          120.7473876           -0.2883114 200.0 0
1682          121.1964462           -0.2883920 200.0 0
1683          121.4210190           -0.2884256 200.0 0
1684          121.6456163           -0.2884547 200.0 0
1685          121.8702345           -0.2884794 200.0 0
1686          122.0948702           -0.2884996 200.0 0
1687          122.5441802           -0.2885267 200.0 0
1688          123.4428570           -0.2885272 200.0 0
1689          124.3414241           -0.2884563 200.0 0
1690          125.2396591           -0.2883140 200.0 0
